0 20 20
1 25 29
2 37 45
3 50 66
4 74 96
5 93 147
6 122 226
7 150 324
8 188 449
9 231 501
10 284 540
11 319 648
12 321 652
13 314 697
14 284 787
15 259 837
16 235 842
17 203 794
18 163 702
19 112 616
20 87 511
21 76 449
22 64 247
23 58 150
24 66 77
25 78 84
26 79 67
27 92 48
28 111 25
29 144 18
30 179 26
31 222 32
32 292 39
33 358 40
34 475 34
35 582 34
36 650 42
37 710 56
38 772 78
39 741 92
40 667 113
41 611 134
42 502 153
43 381 158
44 270 124
45 209 89
46 131 89
47 109 43
48 88 27
49 83 16
50 85 20
51 101 21
52 124 5
53 150 3
54 184 6
55 227 7
56 273 1
57 338 2
58 397 4
59 468 8
60 517 5
61 553 4
62 600 5
63 613 6
64 650 9
65 640 12
66 571 19
67 448 28
68 330 31
69 294 33
70 268 41
71 221 24
72 200 13
73 177 15
74 160 7
75 161 8
76 176 5
77 197 2
